n_samples: 579
si_snr_enhanced: 20.511453532750537
si_snr_noisy: 14.818911605599837
si_snr_improvement: 5.6925419271507
pesq: 2.296392755318678
stoi: 0.8827271058140924
